1 10
271098 253019
472521 634847
263344 532812
300210 274953
708256 581777
496342 279604
624132 837153
951602 258435
473184 699670
643663 441928
152279 723875
564395 931493
336772 310416
249855 851464
171844 639599
116553 445814
567512 899605
475206 960497
15621 27980
291960 307842
737997 703468
298769 340650
191993 232498
260843 559027
992150 323134
398800 800435
390812 811425
422755 778982
915572 87787
31070 781574
818425 624734
38519 123526
463705 878158
185303 508905
463734 675019
826562 292769
26935 142804
109776 267631
602047 462148
390638 654265
669447 737407
652592 880630
50493 209475
923691 405109
6986 376650
959146 633576
891172 826544
353231 560183
478954 882349
780368 800616
222743 666972
858067 190637
86160 428623
478862 464120
447551 516707
693621 434226
297111 593604
145312 27855
147049 763928
766905 924909
789624 130745
502974 682781
303575 286985
874968 961311
257541 706336
882526 858746
776205 750569
573733 488779
95918 228366
368786 202495
156286 807146
823500 235974
193817 744622
856992 697722
476754 388766
400281 664519
993042 16913
8086 979231
816465 225228
961255 228690
759318 93786
216563 620600
655853 403159
509902 271068
627507 90821
423995 707313
94373 426656
519839 458552
68952 115188
49103 337545
945349 591265
24173 119678
36876 38703
354774 762108
488165 464629
777431 351261
123819 738614
960661 951949
355178 837383
694278 470460
699683 918193
986440 464858
703461 608952
560086 106976
435326 558084
719959 568355
365351 819627
357297 702675
909322 777432
956621 867660
785830 229355
102030 586043
652735 540313
555542 280489
626127 823
904237 241018
227575 372472
458999 215540
782578 717581
875067 724474
115523 534155
636291 974496
807017 383103
807192 393892
455593 526870
911816 98870
403662 526815
72748 370514
650820 447338
26935 667203
157941 944348
865211 782129
219244 831713
400109 562173
287045 778604
546 561184
794242 975746
625283 607256
330601 309636
902803 347278
923756 610357
270719 460077
450806 336523
928930 176889
945646 571378
307053 727556
758367 60365
879098 886659
190410 657129
944273 717461
596815 330454
629781 195850
97999 909412
169768 647967
860405 831640
578129 507957
740549 32157
371030 841095
288891 999179
952555 126580
805236 785860
83934 396760
287473 383819
703354 552358
349380 331089
373476 903064
388814 102198
62840 637030
954742 642886
624892 102489
238803 356044
732284 98962
887018 720463
878914 388675
894293 646138
227649 231411
776093 672541
333469 591332
620279 550616
39723 708906
811002 530682
4777 209101
818788 8415
249831 526794
821528 500289
148610 618428
991365 888523
303536 773596
209845 44837
798798 201710
453886 887285
986569 674571
847123 876918
834691 570247
856313 530342
995361 628750
149496 203816
265428 49359
590555 652695
513313 668082
15675 326045
412247 253357
721479 746241
57916 365143
959408 685231
465663 443585
178902 399492
485259 651731
473412 941704
60904 700248
889819 976591
674919 597108
332659 789803
29086 217550
989614 645261
863867 349591
438283 481279
854092 195382
365547 14355
566422 384045
735590 577998
46198 703687
973725 496117
462766 451985
719762 65742
601963 287723
669639 765332
811414 120973
568904 703586
31167 62970
358267 636769
824464 849365
723514 892342
252230 514706
75911 364681
236338 443949
747002 900744
610297 443548
464649 238880
798459 639410
189004 717795
398368 991991
1894 773961
32456 3158
17471 904891
718710 564512
55868 367765
909542 615684
590969 423275
832046 100845
799837 326129
57754 20938
656240 204340
101982 154683
429738 891473
578902 952882
596073 790087
247040 552115
397516 873966
621859 588134
45836 989091
180659 617048
73840 276647
864669 230621
28850 828980
783690 350902
470121 536711
803878 660865
410840 331474
511167 510134
403370 991968
861668 1765
667334 938814
269663 968226
826945 666380
795232 280922
569992 96237
466150 425901
94795 771800
290716 357754
596037 602507
617147 835374
584619 628706
872478 484733
449940 835009
55442 901223
334518 378637
596868 653709
431133 121697
510477 539375
712450 670840
446257 911618
995896 314653
548339 697803
519377 591951
110249 136222
428807 582366
719576 524257
674231 19806
389444 443033
535752 597748
84349 294421
96616 212842
653655 585621
33321 235153
887159 633168
919547 38745
828493 567768
950884 441188
78964 286542
24425 103445
902010 893522
243512 154142
879167 928576
748657 75848
844670 278500
276247 99814
699943 23237
902645 256564
428137 41384
261123 83952
584581 768176
367332 996702
759475 718547
141633 147036
604717 802884
983031 325567
783772 779701
109295 210438
141520 355047
630119 304095
826593 337907
921133 970788
555255 739707
749868 684970
318213 66059
937548 379414
214894 84695
883049 546388
330518 156353
570718 757411
706852 754870
311267 58493
435230 129071
957621 255936
379677 643080
278237 957942
403420 513949
758832 208373
788555 175252
743889 147318
264272 260071
611613 617498
457413 70403
978900 722903
736554 502868
180836 740967
169917 286022
164582 763831
690796 78127
514385 147
348142 979354
130780 472719
474140 62870
772614 168457
449162 749970
236485 231786
477106 109405
590892 695081
440096 804676
510467 536267
882034 514943
779048 440758
307370 192213
978679 717934
105633 440683
381987 148416
973476 149063
372825 437410
286411 87055
558282 827717
712141 698795
123273 356872
243696 743480
187588 99730
34670 537814
875360 659798
110250 884106
422070 190071
512709 459779
724875 264721
988418 26792
345299 891475
578930 190157
97134 30357
149301 380172
424023 322629
306787 615514
209487 539726
516688 170195
344453 869872
457309 204345
693466 28860
311689 191247
254886 903602
839866 740361
969300 241332
812638 359844
382974 187260
144257 256576
153392 24046
912917 616246
530487 547735
750207 144987
980990 279848
243460 412681
321781 127345
940105 675950
369725 25931
479680 331874
833912 42126
590623 730281
770179 443310
683822 358541
316828 722983
966696 687410
777065 728696
790506 644049
111873 138554
426067 746396
193211 166257
89395 52890
689807 119362
78276 230362
826194 415016
772787 194376
3971 472600
71288 140033
909467 884811
87780 232768
160314 554871
302906 647281
365307 436070
516940 156783
586371 910422
783590 782800
319662 762985
400186 972628
732559 401630
535815 181686
849188 804499
551215 987430
629646 915110
444764 732450
508055 891085
574354 636204
699158 671525
577362 520961
23718 55792
477342 757046
208896 590416
169962 114129
557201 87769
564692 229990
338651 940745
879556 661084
392227 160613
541163 584132
860233 219544
211574 916830
860186 410319
296291 115226
53195 358114
710542 120142
45884 951702
880732 784426
921734 754954
940703 465178
914825 290036
481428 557414
405771 770491
717121 643492
338920 343047
118591 724174
889489 773092
409174 653249
56890 800940
423104 238676
909761 615732
548091 510775
537921 488114
612253 544209
915774 956570
787981 757860
154514 876474
121995 789877
279912 704608
686522 6373
501497 664966
365219 571986
19029 96709
472482 328417
875853 788224
525223 415596
363833 465442
129405 404329
912373 921226
233669 2117
429299 747425
1179 930337
606011 826019
981844 878115
398905 714047
640006 969805
845694 487063
237341 948425
435164 498858
639194 222077
352983 945818
790950 256851
237800 513221
994554 271259
839202 386770
166150 516354
740294 306503
753250 316338
949929 248364
846576 690720
750332 64204
113468 602696
906317 671428
755378 548736
245992 773103
322127 619213
433398 865579
297990 819613
112175 890909
913218 977811
904002 692619
29837 743944
549547 54274
659203 303353
697124 809712
221120 487340
920788 330676
967497 855016
16755 356731
907794 701993
490815 842393
497935 944746
705849 795885
433428 901173
456068 709179
893904 61955
415334 697679
123837 766367
711096 361639
607981 341290
66316 711873
247094 819278
722625 886263
732168 695813
969118 627622
328098 545707
709336 27254
477435 860091
17982 996766
310185 196298
120160 459182
596748 841069
970250 84757
803537 325556
933756 576126
350006 719015
415305 905379
771278 589466
554440 708
135254 953407
461328 953207
902464 133478
739667 454632
945406 948612
747547 806750
9583 792181
309687 345471
847192 780230
716105 367157
262754 669025
477392 903113
479198 714057
395262 60482
689944 667249
97295 327091
438089 797163
190249 915286
107229 555757
245570 371093
522838 673223
120117 631412
363144 628311
443296 935941
382143 589856
907395 525862
724982 421833
501831 146002
687421 498176
84638 889514
952655 221567
915054 30392
837755 313877
187234 442893
341893 920706
849380 642215
372590 175007
855842 821832
607836 407770
890300 366294
740093 607344
948645 356757
810231 742547
501149 501879
274815 331642
227412 700339
551087 973088
300946 732596
490659 399230
128479 399838
140871 819572
695782 922115
976714 372455
720663 548943
784579 68839
757431 452742
384888 453837
469932 11443
956809 174207
16435 561754
704114 398239
874013 236867
961198 425214
50645 144139
653793 687450
365933 946852
140532 403617
230400 799617
980108 12589
338568 517353
621820 555204
577562 381823
612124 54531
956014 549054
373726 922918
448054 868363
776285 204069
179054 565671
838972 824058
530522 871112
4788 84051
545915 116496
504483 798410
776906 283374
137248 228224
359295 937019
644586 234263
767757 827266
707673 858072
448920 606105
130529 448528
711390 100230
167312 561260
482444 472461
96135 546452
614841 287680
834751 840759
559668 178398
875601 327550
505474 260712
385660 71569
354102 334472
292451 397218
533459 870273
458223 598666
73480 489729
624590 972932
317396 780219
977658 985393
893314 664305
998698 238786
775638 569710
198794 822214
629813 413335
769069 162640
640861 393293
603824 303795
726358 314434
401206 431082
937365 782994
831986 332692
637982 299574
280131 85145
260589 472162
772005 109902
809821 400975
131588 132597
350729 396985
92464 25362
30702 267902
415481 193407
474593 155681
640113 197944
495707 68442
483153 263440
430711 343761
123585 495178
248276 319367
997618 288688
314891 103324
115297 978274
525685 878070
201051 625176
591003 168453
888054 929096
373192 517919
554129 746463
149827 836493
381650 836119
132622 779355
248451 270032
197081 36270
840810 227205
397965 444197
73481 700245
382704 982133
103170 789058
530973 6970
843293 264120
992187 974962
831016 514831
940336 439579
996934 653547
156001 475786
230757 380220
113647 816117
767965 868129
768140 724354
840693 836716
386110 591772
247307 326603
573177 384551
980714 936267
473941 845693
309064 658434
848844 438753
747686 423500
775362 108192
871491 929332
994171 676431
775138 818520
858089 296477
842289 533253
750254 544035
512040 301107
77257 383008
153875 271875
838980 489989
839814 602152
549472 73939
962781 548810
941913 970555
808452 157200
522346 851112
357941 413446
892633 340364
351160 618059
225661 956487
503707 123699
273778 23817
9936 624690
110345 862105
797024 470751
529447 412497
114789 669079
846918 268400
489238 949469
636144 554385
201809 241154
218454 523497
735491 225615
881447 742799
679461 259798
947439 27431
636623 744092
795394 157914
346099 576963
958744 667648
420425 763474
794587 803399
134536 505139
4164 913417
807496 530190
839564 2876
997000 400728
523387 828070
924013 722853
298179 775279
765990 211751
394867 246971
704872 859833
455065 536747
493188 293519
902482 888703
38138 894711
727034 25963
465888 985736
422120 267358
342813 258718
281166 168326
652573 360264
682019 130229
918266 866720
901764 153946
953310 598585
160323 141111
411061 636084
733628 129513
248454 386088
477625 602603
888206 963284
6298 226353
465964 574430
179525 501088
34699 656871
468894 677204
522395 767031
246844 168348
818670 992885
997630 733950
500715 786100
594702 816663
622217 320194
937037 608638
946168 871502
76534 995377
164615 289053
207944 513203
658008 791632
81032 744538
998970 343005
690569 343274
110492 108241
249388 649891
952203 91906
294811 256276
434638 58336
699127 359545
389258 158299
68899 183435
318327 12401
244286 222045
760914 420406
250665 634518
600078 214297
551150 180564
687569 19739
200671 449273
224881 370062
871471 189079
319779 804039
412912 410831
248457 947886
995813 58713
411687 486701
390847 445429
546904 82566
377849 689145
782765 88316
959342 913372
828578 878502
980116 734678
407940 770723
925870 194261
244887 795864
970417 745472
732584 741556
808939 426435
41810 513344
440943 389526
188214 696819
315999 471358
550298 19887
311242 371253
498237 990883
604758 514130
966649 435301
293159 675875
4547 19002
851163 133202
305104 14973
802793 134609
993693 850950
883494 167949
621561 216410
143792 562026
865902 797595
275462 640662
890768 253378
7743 85596
374224 138934
643610 720633
499994 572932
248094 256779
264213 424584
101187 708691
285669 636463
588075 337348
409505 445658
87577 702240
918537 170354
288291 621405
678773 64446
308055 64631
131799 787056
986542 653088
712054 874415
920793 438230
36781 932472
334699 554738
929402 512610
658646 719932
807389 980338
140437 38885
793806 407631
881341 903820
823582 278575
334697 103330
543552 269922
766846 386390
905127 231721
172750 468664
63989 949346
494438 720821
808810 382616
972976 385130
150815 496821
400518 549003
268052 139897
710974 818683
24496 221646
581799 949742
685285 720888
685644 570956
646611 82575
816481 429593
893279 979765
222740 92713
56002 470818
991873 305307
57797 144197
937532 448292
707557 669023
503595 70240
527369 942219
26352 520703
919885 303465
643205 742779
241067 923510
673380 196188
63589 392817
333012 690330
936006 348743
691681 714199
876301 49323
711096 854350
189917 70956
738164 928059
291988 351157
31160 333085
308349 408476
34249 984062
433867 470916
545265 682024
667409 309001
849568 498137
94832 428821
931321 257775
847884 142691
915149 176016
331624 271492
379976 605222
691772 568220
161807 90838
895049 286646
681823 512001
567205 340724
672726 674527
216177 13121
868651 268816
794372 737913
370608 144324
