1 10 20
271098 253019 407
472521 634847 509
263344 532812 470
300210 274953 389
708256 581777 509
496342 279604 449
624132 837153 509
951602 258435 525
473184 699670 509
643663 441928 509
152279 723875 509
564395 931493 525
336772 310416 384
249855 851464 525
171844 639599 509
116553 445814 449
567512 899605 525
475206 960497 525
15621 27980 308
291960 307842 371
737997 703468 504
298769 340650 384
191993 232498 443
260843 559027 470
992150 323134 525
398800 800435 509
390812 811425 509
422755 778982 509
915572 87787 525
31070 781574 509
818425 624734 509
38519 123526 354
463705 878158 525
185303 508905 449
463734 675019 509
826562 292769 509
26935 142804 375
109776 267631 443
602047 462148 470
390638 654265 509
669447 737407 504
652592 880630 525
50493 209475 383
923691 405109 525
6986 376650 443
959146 633576 525
891172 826544 525
353231 560183 470
478954 882349 525
780368 800616 468
222743 666972 509
858067 190637 525
86160 428623 449
478862 464120 413
447551 516707 470
693621 434226 509
297111 593604 470
145312 27855 375
147049 763928 509
766905 924909 525
789624 130745 509
502974 682781 509
303575 286985 389
874968 961311 507
257541 706336 509
882526 858746 432
776205 750569 468
573733 488779 470
95918 228366 386
368786 202495 443
156286 807146 509
823500 235974 509
193817 744622 509
856992 697722 525
476754 388766 449
400281 664519 509
993042 16913 525
8086 979231 525
816465 225228 509
961255 228690 525
759318 93786 509
216563 620600 470
655853 403159 509
509902 271068 449
627507 90821 509
423995 707313 509
94373 426656 449
519839 458552 470
68952 115188 354
49103 337545 443
945349 591265 525
24173 119678 354
36876 38703 306
354774 762108 509
488165 464629 413
777431 351261 509
123819 738614 509
960661 951949 414
355178 837383 509
694278 470460 509
699683 918193 525
986440 464858 525
703461 608952 509
560086 106976 470
435326 558084 470
719959 568355 509
365351 819627 509
357297 702675 509
909322 777432 525
956621 867660 507
785830 229355 509
102030 586043 470
652735 540313 509
555542 280489 470
626127 823 470
904237 241018 525
227575 372472 443
458999 215540 449
782578 717581 468
875067 724474 525
115523 534155 470
636291 974496 525
807017 383103 509
807192 393892 509
455593 526870 470
911816 98870 525
403662 526815 470
72748 370514 443
650820 447338 509
26935 667203 509
157941 944348 525
865211 782129 525
219244 831713 509
400109 562173 470
287045 778604 509
546 561184 470
794242 975746 525
625283 607256 447
330601 309636 384
902803 347278 525
923756 610357 525
270719 460077 449
450806 336523 449
928930 176889 525
945646 571378 525
307053 727556 509
758367 60365 509
879098 886659 370
190410 657129 509
944273 717461 525
596815 330454 470
629781 195850 509
97999 909412 525
169768 647967 509
860405 831640 525
578129 507957 470
740549 32157 509
371030 841095 525
288891 999179 525
952555 126580 525
805236 785860 468
83934 396760 443
287473 383819 441
703354 552358 509
349380 331089 441
373476 903064 525
388814 102198 443
62840 637030 509
954742 642886 525
624892 102489 470
238803 356044 441
732284 98962 509
887018 720463 525
878914 388675 525
894293 646138 525
227649 231411 443
776093 672541 504
333469 591332 470
620279 550616 447
39723 708906 509
811002 530682 509
4777 209101 383
818788 8415 509
249831 526794 470
821528 500289 509
148610 618428 470
991365 888523 507
303536 773596 509
209845 44837 383
798798 201710 509
453886 887285 525
986569 674571 525
847123 876918 432
834691 570247 509
856313 530342 525
995361 628750 525
149496 203816 383
265428 49359 443
590555 652695 509
513313 668082 509
15675 326045 443
412247 253357 449
721479 746241 424
57916 365143 443
959408 685231 525
465663 443585 444
178902 399492 443
485259 651731 509
473412 941704 525
60904 700248 509
889819 976591 507
674919 597108 509
332659 789803 509
29086 217550 386
989614 645261 525
863867 349591 525
438283 481279 444
854092 195382 525
365547 14355 443
566422 384045 470
735590 577998 509
46198 703687 509
973725 496117 525
462766 451985 444
719762 65742 509
601963 287723 470
669639 765332 504
811414 120973 509
568904 703586 509
31167 62970 340
358267 636769 509
824464 849365 525
723514 892342 525
252230 514706 470
75911 364681 443
236338 443949 449
747002 900744 525
610297 443548 470
464649 238880 449
798459 639410 504
189004 717795 509
398368 991991 525
1894 773961 509
32456 3158 308
17471 904891 525
718710 564512 509
55868 367765 443
909542 615684 525
590969 423275 470
832046 100845 509
799837 326129 509
57754 20938 340
656240 204340 509
101982 154683 375
429738 891473 525
578902 952882 525
596073 790087 509
247040 552115 470
397516 873966 525
621859 588134 447
45836 989091 525
180659 617048 470
73840 276647 443
864669 230621 525
28850 828980 509
783690 350902 509
470121 536711 470
803878 660865 504
410840 331474 449
511167 510134 333
403370 991968 525
861668 1765 525
667334 938814 525
269663 968226 525
826945 666380 504
795232 280922 509
569992 96237 470
466150 425901 444
94795 771800 509
290716 357754 441
596037 602507 403
617147 835374 509
584619 628706 509
872478 484733 525
449940 835009 509
55442 901223 525
334518 378637 441
596868 653709 509
431133 121697 449
510477 539375 470
712450 670840 504
446257 911618 525
995896 314653 525
548339 697803 509
519377 591951 452
110249 136222 349
428807 582366 470
719576 524257 509
674231 19806 509
389444 443033 449
535752 597748 452
84349 294421 443
96616 212842 383
653655 585621 509
33321 235153 443
887159 633168 525
919547 38745 525
828493 567768 509
950884 441188 525
78964 286542 443
24425 103445 351
902010 893522 401
243512 154142 443
879167 928576 476
748657 75848 509
844670 278500 525
276247 99814 443
699943 23237 509
902645 256564 525
428137 41384 449
261123 83952 443
584581 768176 509
367332 996702 525
759475 718547 424
141633 147036 375
604717 802884 509
983031 325567 525
783772 779701 362
109295 210438 383
141520 355047 443
630119 304095 509
826593 337907 509
921133 970788 507
555255 739707 509
749868 684970 504
318213 66059 443
937548 379414 525
214894 84695 383
883049 546388 525
330518 156353 443
570718 757411 509
706852 754870 424
311267 58493 443
435230 129071 449
957621 255936 525
379677 643080 509
278237 957942 525
403420 513949 470
758832 208373 509
788555 175252 509
743889 147318 509
264272 260071 407
611613 617498 447
457413 70403 449
978900 722903 525
736554 502868 509
180836 740967 509
169917 286022 443
164582 763831 509
690796 78127 509
514385 147 470
348142 979354 525
130780 472719 449
474140 62870 449
772614 168457 509
449162 749970 509
236485 231786 381
477106 109405 449
590892 695081 509
440096 804676 509
510467 536267 470
882034 514943 525
779048 440758 509
307370 192213 443
978679 717934 525
105633 440683 449
381987 148416 443
973476 149063 525
372825 437410 449
286411 87055 443
558282 827717 509
712141 698795 504
123273 356872 443
243696 743480 509
187588 99730 383
34670 537814 470
875360 659798 525
110250 884106 525
422070 190071 449
512709 459779 470
724875 264721 509
988418 26792 525
345299 891475 525
578930 190157 470
97134 30357 351
149301 380172 443
424023 322629 449
306787 615514 470
209487 539726 470
516688 170195 470
344453 869872 525
457309 204345 449
693466 28860 509
311689 191247 443
254886 903602 525
839866 740361 525
969300 241332 525
812638 359844 509
382974 187260 443
144257 256576 443
153392 24046 375
912917 616246 525
530487 547735 452
750207 144987 509
980990 279848 525
243460 412681 449
321781 127345 443
940105 675950 525
369725 25931 443
479680 331874 449
833912 42126 509
590623 730281 509
770179 443310 509
683822 358541 509
316828 722983 509
966696 687410 525
777065 728696 468
790506 644049 504
111873 138554 349
426067 746396 509
193211 166257 365
89395 52890 351
689807 119362 509
78276 230362 386
826194 415016 509
772787 194376 509
3971 472600 449
71288 140033 354
909467 884811 445
87780 232768 443
160314 554871 470
302906 647281 509
365307 436070 449
516940 156783 470
586371 910422 525
783590 782800 300
319662 762985 509
400186 972628 525
732559 401630 509
535815 181686 470
849188 804499 525
551215 987430 525
629646 915110 525
444764 732450 509
508055 891085 525
574354 636204 509
699158 671525 442
577362 520961 452
23718 55792 340
477342 757046 509
208896 590416 470
169962 114129 383
557201 87769 470
564692 229990 470
338651 940745 525
879556 661084 525
392227 160613 443
541163 584132 452
860233 219544 525
211574 916830 525
860186 410319 525
296291 115226 443
53195 358114 443
710542 120142 509
45884 951702 525
880732 784426 525
921734 754954 525
940703 465178 525
914825 290036 525
481428 557414 470
405771 770491 509
717121 643492 504
338920 343047 366
118591 724174 509
889489 773092 525
409174 653249 509
56890 800940 509
423104 238676 449
909761 615732 525
548091 510775 470
537921 488114 470
612253 544209 452
915774 956570 507
787981 757860 468
154514 876474 525
121995 789877 509
279912 704608 509
686522 6373 509
501497 664966 509
365219 571986 470
19029 96709 351
472482 328417 449
875853 788224 525
525223 415596 470
363833 465442 449
129405 404329 443
912373 921226 432
233669 2117 443
429299 747425 509
1179 930337 525
606011 826019 509
981844 878115 507
398905 714047 509
640006 969805 525
845694 487063 525
237341 948425 525
435164 498858 444
639194 222077 509
352983 945818 525
790950 256851 509
237800 513221 470
994554 271259 525
839202 386770 525
166150 516354 470
740294 306503 509
753250 316338 509
949929 248364 525
846576 690720 525
750332 64204 509
113468 602696 470
906317 671428 525
755378 548736 509
245992 773103 509
322127 619213 470
433398 865579 525
297990 819613 509
112175 890909 525
913218 977811 507
904002 692619 525
29837 743944 509
549547 54274 470
659203 303353 509
697124 809712 504
221120 487340 449
920788 330676 525
967497 855016 507
16755 356731 443
907794 701993 525
490815 842393 525
497935 944746 525
705849 795885 468
433428 901173 525
456068 709179 509
893904 61955 525
415334 697679 509
123837 766367 509
711096 361639 509
607981 341290 470
66316 711873 509
247094 819278 509
722625 886263 525
732168 695813 504
969118 627622 525
328098 545707 470
709336 27254 509
477435 860091 525
17982 996766 525
310185 196298 443
120160 459182 449
596748 841069 525
970250 84757 525
803537 325556 509
933756 576126 525
350006 719015 509
415305 905379 525
771278 589466 509
554440 708 470
135254 953407 525
461328 953207 525
902464 133478 525
739667 454632 509
945406 948612 383
747547 806750 468
9583 792181 509
309687 345471 384
847192 780230 525
716105 367157 509
262754 669025 509
477392 903113 525
479198 714057 509
395262 60482 443
689944 667249 398
97295 327091 443
438089 797163 509
190249 915286 525
107229 555757 470
245570 371093 441
522838 673223 509
120117 631412 509
363144 628311 509
443296 935941 525
382143 589856 470
907395 525862 525
724982 421833 509
501831 146002 449
687421 498176 509
84638 889514 525
952655 221567 525
915054 30392 525
837755 313877 509
187234 442893 449
341893 920706 525
849380 642215 525
372590 175007 443
855842 821832 525
607836 407770 470
890300 366294 525
740093 607344 509
948645 356757 525
810231 742547 468
501149 501879 320
274815 331642 389
227412 700339 509
551087 973088 525
300946 732596 509
490659 399230 449
128479 399838 443
140871 819572 509
695782 922115 525
976714 372455 525
720663 548943 509
784579 68839 509
757431 452742 509
384888 453837 449
469932 11443 449
956809 174207 525
16435 561754 470
704114 398239 509
874013 236867 525
961198 425214 525
50645 144139 375
653793 687450 442
365933 946852 525
140532 403617 443
230400 799617 509
980108 12589 525
338568 517353 470
621820 555204 447
577562 381823 470
612124 54531 470
956014 549054 525
373726 922918 525
448054 868363 525
776285 204069 509
179054 565671 470
838972 824058 525
530522 871112 525
4788 84051 351
545915 116496 470
504483 798410 509
776906 283374 509
137248 228224 386
359295 937019 525
644586 234263 509
767757 827266 468
707673 858072 525
448920 606105 470
130529 448528 449
711390 100230 509
167312 561260 470
482444 472461 413
96135 546452 470
614841 287680 470
834751 840759 525
559668 178398 470
875601 327550 525
505474 260712 449
385660 71569 443
354102 334472 441
292451 397218 441
533459 870273 525
458223 598666 470
73480 489729 449
624590 972932 525
317396 780219 509
977658 985393 427
893314 664305 525
998698 238786 525
775638 569710 509
198794 822214 509
629813 413335 509
769069 162640 509
640861 393293 509
603824 303795 470
726358 314434 509
401206 431082 449
937365 782994 525
831986 332692 509
637982 299574 509
280131 85145 443
260589 472162 449
772005 109902 509
809821 400975 509
131588 132597 331
350729 396985 436
92464 25362 351
30702 267902 443
415481 193407 449
474593 155681 449
640113 197944 509
495707 68442 449
483153 263440 449
430711 343761 449
123585 495178 449
248276 319367 407
997618 288688 525
314891 103324 443
115297 978274 525
525685 878070 525
201051 625176 470
591003 168453 470
888054 929096 476
373192 517919 470
554129 746463 509
149827 836493 509
381650 836119 509
132622 779355 509
248451 270032 407
197081 36270 383
840810 227205 525
397965 444197 449
73481 700245 509
382704 982133 525
103170 789058 509
530973 6970 470
843293 264120 525
992187 974962 427
831016 514831 509
940336 439579 525
996934 653547 525
156001 475786 449
230757 380220 441
113647 816117 509
767965 868129 525
768140 724354 468
840693 836716 525
386110 591772 470
247307 326603 407
573177 384551 470
980714 936267 507
473941 845693 525
309064 658434 509
848844 438753 525
747686 423500 509
775362 108192 509
871491 929332 476
994171 676431 525
775138 818520 468
858089 296477 525
842289 533253 525
750254 544035 509
512040 301107 470
77257 383008 443
153875 271875 443
838980 489989 525
839814 602152 525
549472 73939 470
962781 548810 525
941913 970555 414
808452 157200 509
522346 851112 525
357941 413446 449
892633 340364 525
351160 618059 470
225661 956487 525
503707 123699 449
273778 23817 443
9936 624690 470
110345 862105 525
797024 470751 509
529447 412497 470
114789 669079 509
846918 268400 525
489238 949469 525
636144 554385 509
201809 241154 443
218454 523497 470
735491 225615 509
881447 742799 525
679461 259798 509
947439 27431 525
636623 744092 504
795394 157914 509
346099 576963 470
958744 667648 525
420425 763474 509
794587 803399 468
134536 505139 449
4164 913417 525
807496 530190 509
839564 2876 525
997000 400728 525
523387 828070 509
924013 722853 525
298179 775279 509
765990 211751 509
394867 246971 441
704872 859833 525
455065 536747 470
493188 293519 449
902482 888703 401
38138 894711 525
727034 25963 509
465888 985736 525
422120 267358 449
342813 258718 407
281166 168326 443
652573 360264 509
682019 130229 509
918266 866720 476
901764 153946 525
953310 598585 525
160323 141111 383
411061 636084 509
733628 129513 509
248454 386088 441
477625 602603 470
888206 963284 507
6298 226353 386
465964 574430 470
179525 501088 449
34699 656871 509
468894 677204 509
522395 767031 509
246844 168348 443
818670 992885 525
997630 733950 525
500715 786100 509
594702 816663 509
622217 320194 470
937037 608638 525
946168 871502 507
76534 995377 525
164615 289053 443
207944 513203 470
658008 791632 504
81032 744538 509
998970 343005 525
690569 343274 509
110492 108241 310
249388 649891 509
952203 91906 525
294811 256276 407
434638 58336 449
699127 359545 509
389258 158299 443
68899 183435 383
318327 12401 443
244286 222045 443
760914 420406 509
250665 634518 509
600078 214297 470
551150 180564 470
687569 19739 509
200671 449273 449
224881 370062 443
871471 189079 525
319779 804039 509
412912 410831 356
248457 947886 525
995813 58713 525
411687 486701 444
390847 445429 449
546904 82566 470
377849 689145 509
782765 88316 509
959342 913372 507
828578 878502 525
980116 734678 525
407940 770723 509
925870 194261 525
244887 795864 509
970417 745472 525
732584 741556 424
808939 426435 509
41810 513344 470
440943 389526 449
188214 696819 509
315999 471358 449
550298 19887 470
311242 371253 441
498237 990883 525
604758 514130 452
966649 435301 525
293159 675875 509
4547 19002 279
851163 133202 525
305104 14973 443
802793 134609 509
993693 850950 507
883494 167949 525
621561 216410 470
143792 562026 470
865902 797595 525
275462 640662 509
890768 253378 525
7743 85596 351
374224 138934 443
643610 720633 504
499994 572932 470
248094 256779 363
264213 424584 449
101187 708691 509
285669 636463 509
588075 337348 470
409505 445658 449
87577 702240 509
918537 170354 525
288291 621405 470
678773 64446 509
308055 64631 443
131799 787056 509
986542 653088 525
712054 874415 525
920793 438230 525
36781 932472 525
334699 554738 470
929402 512610 525
658646 719932 504
807389 980338 525
140437 38885 354
793806 407631 509
881341 903820 445
823582 278575 509
334697 103330 443
543552 269922 470
766846 386390 509
905127 231721 525
172750 468664 449
63989 949346 525
494438 720821 509
808810 382616 509
972976 385130 525
150815 496821 449
400518 549003 470
268052 139897 443
710974 818683 468
24496 221646 386
581799 949742 525
685285 720888 504
685644 570956 509
646611 82575 509
816481 429593 509
893279 979765 507
222740 92713 386
56002 470818 449
991873 305307 525
57797 144197 375
937532 448292 525
707557 669023 504
503595 70240 449
527369 942219 525
26352 520703 470
919885 303465 525
643205 742779 504
241067 923510 525
673380 196188 509
63589 392817 443
333012 690330 509
936006 348743 525
691681 714199 504
876301 49323 525
711096 854350 525
189917 70956 383
738164 928059 525
291988 351157 441
31160 333085 443
308349 408476 441
34249 984062 525
433867 470916 444
545265 682024 509
667409 309001 509
849568 498137 525
94832 428821 449
931321 257775 525
847884 142691 525
915149 176016 525
331624 271492 389
379976 605222 470
691772 568220 509
161807 90838 383
895049 286646 525
681823 512001 509
567205 340724 470
672726 674527 367
216177 13121 383
868651 268816 525
794372 737913 468
370608 144324 443